4294967278,274
4294967278,273
4294967279,543
4294967294,1141
4294967294,1140
4294967279,542
4294967294,1139
4294967294,1138
4294967279,541
4294967294,1137
4294967279,540
4294967294,1136
4294967279,539
4294967294,1135
4294967294,1134
4294967279,538
4294967294,891
4294967294,1133
4294967279,537
4294967294,1132
4294967294,1131
4294967279,536
4294967294,890
4294967294,889
4294967294,1130
4294967279,535
4294967294,1129
4294967279,534
4294967294,1128
4294967294,1127
4294967279,533
4294967294,1126
4294967279,532
4294967294,1125
4294967294,1124
4294967279,531
4294967294,1123
4294967279,530
4294967294,888
4294967294,1122
4294967294,1121
4294967279,529
4294967294,1120
4294967279,528
4294967294,1119
4294967294,1118
4294967279,527
4294967294,1117
4294967279,526
4294967294,1116
4294967294,1115
4294967279,525
4294967294,1114
4294967279,524
4294967294,1113
4294967294,1112
4294967279,523
4294967294,1111
4294967279,522
4294967294,1110
4294967294,1109
4294967279,521
4294967294,1108
4294967279,520
4294967294,887
4294967294,1107
4294967294,886
4294967279,519
4294967294,1106
4294967294,1105
4294967279,518
4294967294,1104
4294967279,517
4294967294,1103
4294967294,1102
4294967279,516
4294967294,1101
4294967279,515
4294967294,1100
4294967294,1099
4294967279,514
4294967294,1098
4294967279,513
4294967294,1097
4294967294,1096
4294967294,885
4294967279,512
4294967294,1095
4294967279,511
4294967294,1094
4294967294,1093
4294967279,510
4294967294,1092
4294967294,884
4294967279,509
4294967294,1091
4294967279,508
4294967294,1090
4294967294,1089
4294967279,507
4294967294,1088
4294967279,506
4294967294,1087
4294967279,505
4294967294,1086
4294967294,883
4294967294,1085
4294967279,504
4294967294,1084
4294967279,503
4294967294,1083
4294967294,1082
4294967279,502
4294967294,1081
4294967279,501
4294967294,1080
4294967294,1079
4294967279,500
4294967294,1078
4294967279,499
4294967294,1077
4294967279,498
4294967294,1076
4294967294,1075
4294967294,882
4294967279,497
4294967294,1074
4294967279,496
4294967294,1073
4294967294,881
4294967294,1072
4294967279,495
4294967294,1071
4294967279,494
4294967294,1070
4294967294,1069
4294967279,493
4294967294,1068
4294967279,492
4294967294,1067
4294967294,1066
4294967279,491
4294967294,880
4294967294,1065
4294967279,490
4294967294,1064
4294967294,1063
4294967279,489
4294967294,1062
4294967279,488
4294967294,1061
4294967294,1060
4294967279,487
4294967294,879
4294967294,1059
4294967279,486
4294967294,1058
4294967294,1057
4294967279,485
4294967294,1056
4294967279,484
4294967294,1055
4294967279,483
4294967294,1054
4294967294,1053
4294967279,482
4294967294,1052
4294967279,481
4294967294,1051
4294967279,480
4294967294,878
4294967294,1050
4294967294,1049
4294967279,479
4294967294,1048
4294967279,478
4294967294,1047
4294967294,1046
4294967279,477
4294967294,1045
4294967279,476
4294967294,1044
4294967294,1043
4294967279,475
4294967294,1042
4294967279,474
4294967294,1041
4294967294,877
4294967294,876
4294967279,473
4294967294,1040
4294967294,1039
4294967279,472
4294967294,1038
4294967294,875
4294967279,471
4294967294,1037
4294967294,1036
4294967279,470
4294967294,1035
4294967279,469
4294967294,1034
4294967279,468
4294967294,1033
4294967294,1032
4294967279,467
4294967294,1031
4294967279,466
4294967294,1030
4294967294,1029
4294967279,465
4294967294,1028
4294967279,464
4294967294,1027
4294967294,1026
4294967294,874
4294967279,463
4294967294,1025
4294967279,462
4294967294,1024
4294967294,1023
4294967279,461
4294967294,1022
4294967279,460
4294967294,1021
4294967294,1020
4294967279,459
4294967294,1019
4294967279,458
4294967294,1018
4294967294,1017
4294967279,457
4294967294,1016
4294967279,456
4294967294,1015
4294967279,455
4294967294,1014
4294967294,1013
4294967294,873
4294967279,454
4294967294,1012
4294967294,1011
4294967279,453
4294967294,872
4294967294,1010
4294967279,452
4294967294,1009
4294967294,1008
4294967279,451
4294967294,1007
4294967294,871
4294967279,450
4294967294,1006
4294967294,1005
4294967279,449
4294967294,1004
4294967279,448
4294967294,1003
4294967294,1002
4294967279,447
4294967294,1001
4294967279,446
4294967294,1000
4294967279,445
4294967294,999
4294967294,998
4294967279,444
4294967294,870
4294967294,997
4294967279,443
4294967294,996
4294967279,442
4294967294,995
4294967294,994
4294967279,441
4294967294,993
4294967279,440
4294967294,992
4294967294,869
4294967279,439
4294967294,991
4294967294,990
4294967279,438
4294967294,989
4294967279,437
4294967294,988
4294967294,987
4294967279,436
4294967294,868
4294967294,986
4294967279,435
4294967294,985
4294967294,984
4294967279,434
4294967294,983
4294967279,433
4294967294,982
4294967294,981
4294967279,432
4294967294,980
4294967279,431
4294967294,979
4294967294,978
4294967279,430
4294967294,977
4294967294,867
4294967279,429
4294967294,976
4294967279,428
4294967294,975
4294967294,974
4294967279,427
4294967294,973
4294967279,426
4294967294,972
4294967294,971
4294967279,425
4294967294,970
4294967279,424
4294967294,969
4294967294,968
4294967279,423
4294967294,967
4294967279,422
4294967294,966
4294967294,965
4294967279,421
4294967294,964
4294967279,420
4294967294,963
4294967294,866
4294967294,962
4294967279,419
4294967294,961
4294967279,418
4294967294,960
4294967279,417
4294967294,959
4294967294,865
4294967294,864
4294967294,863
4294967294,958
4294967279,416
4294967294,957
4294967294,862
4294967279,415
4294967294,956
4294967279,414
4294967294,955
4294967294,954
4294967279,413
4294967294,861
4294967294,953
4294967279,412
4294967294,952
4294967294,951
4294967279,411
4294967294,950
4294967279,410
4294967294,949
4294967279,409
4294967294,948
4294967294,947
4294967279,408
4294967294,946
4294967279,407
4294967294,945
4294967294,944
4294967279,406
4294967294,943
4294967279,405
4294967294,942
4294967294,860
4294967294,941
4294967279,404
4294967294,940
4294967279,403
4294967294,939
4294967294,938
4294967279,402
4294967294,937
4294967279,401
4294967294,936
4294967279,400
4294967294,935
4294967294,934
4294967279,399
4294967294,933
4294967279,398
4294967294,932
4294967294,931
4294967279,397
4294967294,930
4294967294,859
4294967279,396
4294967294,929
4294967294,928
4294967279,395
4294967294,927
4294967279,394
4294967294,926
4294967294,858
4294967294,925
4294967279,393
4294967294,924
4294967279,392
4294967294,923
4294967294,922
4294967279,391
4294967294,921
4294967279,390
4294967294,920
4294967294,919
4294967279,389
4294967294,918
4294967279,388
4294967294,917
4294967294,916
4294967279,387
4294967294,915
4294967279,386
4294967294,914
4294967294,913
4294967279,385
4294967294,912
4294967279,384
4294967294,911
4294967294,857
4294967294,910
4294967279,321
4294967294,909
